0 0.00309827 0.000407894
0 0.0092948 0.00122368
0 0.0154913 0.00203947
0 0.0216879 0.00285526
0 0.0278844 0.00367105
0 0.0340809 0.00448684
0 0.0402774 0.00530263
0 0.046474 0.00611842
0 0.00288712 0.00119589
0 0.00866137 0.00358766
0 0.0144356 0.00597943
0 0.0202099 0.0083712
0 0.0259841 0.010763
0 0.0317584 0.0131547
0 0.0375326 0.0155465
0 0.0433069 0.0179383
0 0.00247923 0.00190238
0 0.00743769 0.00570714
0 0.0123961 0.0095119
0 0.0173546 0.0133167
0 0.0223131 0.0171214
0 0.0272715 0.0209262
0 0.03223 0.0247309
0 0.0371884 0.0285357
0 0.00190238 0.00247923
0 0.00570714 0.00743769
0 0.0095119 0.0123961
0 0.0133167 0.0173546
0 0.0171214 0.0223131
0 0.0209262 0.0272715
0 0.0247309 0.03223
0 0.0285357 0.0371884
0 0.00119589 0.00288712
0 0.00358766 0.00866137
0 0.00597943 0.0144356
0 0.0083712 0.0202099
0 0.010763 0.0259841
0 0.0131547 0.0317584
0 0.0155465 0.0375326
0 0.0179383 0.0433069
0 0.000407894 0.00309827
0 0.00122368 0.0092948
0 0.00203947 0.0154913
0 0.00285526 0.0216879
0 0.00367105 0.0278844
0 0.00448684 0.0340809
0 0.00530263 0.0402774
0 0.00611842 0.046474
0 -0.000407894 0.00309827
0 -0.00122368 0.0092948
0 -0.00203947 0.0154913
0 -0.00285526 0.0216879
0 -0.00367105 0.0278844
0 -0.00448684 0.0340809
0 -0.00530263 0.0402774
0 -0.00611842 0.046474
0 -0.00119589 0.00288712
0 -0.00358766 0.00866137
0 -0.00597943 0.0144356
0 -0.0083712 0.0202099
0 -0.010763 0.0259841
0 -0.0131547 0.0317584
0 -0.0155465 0.0375326
0 -0.0179383 0.0433069
0 -0.00190238 0.00247923
0 -0.00570714 0.00743769
0 -0.0095119 0.0123961
0 -0.0133167 0.0173546
0 -0.0171214 0.0223131
0 -0.0209262 0.0272715
0 -0.0247309 0.03223
0 -0.0285357 0.0371884
0 -0.00247923 0.00190238
0 -0.00743769 0.00570714
0 -0.0123961 0.0095119
0 -0.0173546 0.0133167
0 -0.0223131 0.0171214
0 -0.0272715 0.0209262
0 -0.03223 0.0247309
0 -0.0371884 0.0285357
0 -0.00288712 0.00119589
0 -0.00866137 0.00358766
0 -0.0144356 0.00597943
0 -0.0202099 0.0083712
0 -0.0259841 0.010763
0 -0.0317584 0.0131547
0 -0.0375326 0.0155465
0 -0.0433069 0.0179383
0 -0.00309827 0.000407894
0 -0.0092948 0.00122368
0 -0.0154913 0.00203947
0 -0.0216879 0.00285526
0 -0.0278844 0.00367105
0 -0.0340809 0.00448684
0 -0.0402774 0.00530263
0 -0.046474 0.00611842
0 -0.00309827 -0.000407894
0 -0.0092948 -0.00122368
0 -0.0154913 -0.00203947
0 -0.0216879 -0.00285526
0 -0.0278844 -0.00367105
0 -0.0340809 -0.00448684
0 -0.0402774 -0.00530263
0 -0.046474 -0.00611842
0 -0.00288712 -0.00119589
0 -0.00866137 -0.00358766
0 -0.0144356 -0.00597943
0 -0.0202099 -0.0083712
0 -0.0259841 -0.010763
0 -0.0317584 -0.0131547
0 -0.0375326 -0.0155465
0 -0.0433069 -0.0179383
0 -0.00247923 -0.00190238
0 -0.00743769 -0.00570714
0 -0.0123961 -0.0095119
0 -0.0173546 -0.0133167
0 -0.0223131 -0.0171214
0 -0.0272715 -0.0209262
0 -0.03223 -0.0247309
0 -0.0371884 -0.0285357
0 -0.00190238 -0.00247923
0 -0.00570714 -0.00743769
0 -0.0095119 -0.0123961
0 -0.0133167 -0.0173546
0 -0.0171214 -0.0223131
0 -0.0209262 -0.0272715
0 -0.0247309 -0.03223
0 -0.0285357 -0.0371884
0 -0.00119589 -0.00288712
0 -0.00358766 -0.00866137
0 -0.00597943 -0.0144356
0 -0.0083712 -0.0202099
0 -0.010763 -0.0259841
0 -0.0131547 -0.0317584
0 -0.0155465 -0.0375326
0 -0.0179383 -0.0433069
0 -0.000407894 -0.00309827
0 -0.00122368 -0.0092948
0 -0.00203947 -0.0154913
0 -0.00285526 -0.0216879
0 -0.00367105 -0.0278844
0 -0.00448684 -0.0340809
0 -0.00530263 -0.0402774
0 -0.00611842 -0.046474
0 0.000407894 -0.00309827
0 0.00122368 -0.0092948
0 0.00203947 -0.0154913
0 0.00285526 -0.0216879
0 0.00367105 -0.0278844
0 0.00448684 -0.0340809
0 0.00530263 -0.0402774
0 0.00611842 -0.046474
0 0.00119589 -0.00288712
0 0.00358766 -0.00866137
0 0.00597943 -0.0144356
0 0.0083712 -0.0202099
0 0.010763 -0.0259841
0 0.0131547 -0.0317584
0 0.0155465 -0.0375326
0 0.0179383 -0.0433069
0 0.00190238 -0.00247923
0 0.00570714 -0.00743769
0 0.0095119 -0.0123961
0 0.0133167 -0.0173546
0 0.0171214 -0.0223131
0 0.0209262 -0.0272715
0 0.0247309 -0.03223
0 0.0285357 -0.0371884
0 0.00247923 -0.00190238
0 0.00743769 -0.00570714
0 0.0123961 -0.0095119
0 0.0173546 -0.0133167
0 0.0223131 -0.0171214
0 0.0272715 -0.0209262
0 0.03223 -0.0247309
0 0.0371884 -0.0285357
0 0.00288712 -0.00119589
0 0.00866137 -0.00358766
0 0.0144356 -0.00597943
0 0.0202099 -0.0083712
0 0.0259841 -0.010763
0 0.0317584 -0.0131547
0 0.0375326 -0.0155465
0 0.0433069 -0.0179383
0 0.00309827 -0.000407894
0 0.0092948 -0.00122368
0 0.0154913 -0.00203947
0 0.0216879 -0.00285526
0 0.0278844 -0.00367105
0 0.0340809 -0.00448684
0 0.0402774 -0.00530263
0 0.046474 -0.00611842
0.125 0.00309827 0.000407894
0.125 0.0092948 0.00122368
0.125 0.0154913 0.00203947
0.125 0.0216879 0.00285526
0.125 0.0278844 0.00367105
0.125 0.0340809 0.00448684
0.125 0.0402774 0.00530263
0.125 0.046474 0.00611842
0.125 0.00288712 0.00119589
0.125 0.00866137 0.00358766
0.125 0.0144356 0.00597943
0.125 0.0202099 0.0083712
0.125 0.0259841 0.010763
0.125 0.0317584 0.0131547
0.125 0.0375326 0.0155465
0.125 0.0433069 0.0179383
0.125 0.00247923 0.00190238
0.125 0.00743769 0.00570714
0.125 0.0123961 0.0095119
0.125 0.0173546 0.0133167
0.125 0.0223131 0.0171214
0.125 0.0272715 0.0209262
0.125 0.03223 0.0247309
0.125 0.0371884 0.0285357
0.125 0.00190238 0.00247923
0.125 0.00570714 0.00743769
0.125 0.0095119 0.0123961
0.125 0.0133167 0.0173546
0.125 0.0171214 0.0223131
0.125 0.0209262 0.0272715
0.125 0.0247309 0.03223
0.125 0.0285357 0.0371884
0.125 0.00119589 0.00288712
0.125 0.00358766 0.00866137
0.125 0.00597943 0.0144356
0.125 0.0083712 0.0202099
0.125 0.010763 0.0259841
0.125 0.0131547 0.0317584
0.125 0.0155465 0.0375326
0.125 0.0179383 0.0433069
0.125 0.000407894 0.00309827
0.125 0.00122368 0.0092948
0.125 0.00203947 0.0154913
0.125 0.00285526 0.0216879
0.125 0.00367105 0.0278844
0.125 0.00448684 0.0340809
0.125 0.00530263 0.0402774
0.125 0.00611842 0.046474
0.125 -0.000407894 0.00309827
0.125 -0.00122368 0.0092948
0.125 -0.00203947 0.0154913
0.125 -0.00285526 0.0216879
0.125 -0.00367105 0.0278844
0.125 -0.00448684 0.0340809
0.125 -0.00530263 0.0402774
0.125 -0.00611842 0.046474
0.125 -0.00119589 0.00288712
0.125 -0.00358766 0.00866137
0.125 -0.00597943 0.0144356
0.125 -0.0083712 0.0202099
0.125 -0.010763 0.0259841
0.125 -0.0131547 0.0317584
0.125 -0.0155465 0.0375326
0.125 -0.0179383 0.0433069
0.125 -0.00190238 0.00247923
0.125 -0.00570714 0.00743769
0.125 -0.0095119 0.0123961
0.125 -0.0133167 0.0173546
0.125 -0.0171214 0.0223131
0.125 -0.0209262 0.0272715
0.125 -0.0247309 0.03223
0.125 -0.0285357 0.0371884
0.125 -0.00247923 0.00190238
0.125 -0.00743769 0.00570714
0.125 -0.0123961 0.0095119
0.125 -0.0173546 0.0133167
0.125 -0.0223131 0.0171214
0.125 -0.0272715 0.0209262
0.125 -0.03223 0.0247309
0.125 -0.0371884 0.0285357
0.125 -0.00288712 0.00119589
0.125 -0.00866137 0.00358766
0.125 -0.0144356 0.00597943
0.125 -0.0202099 0.0083712
0.125 -0.0259841 0.010763
0.125 -0.0317584 0.0131547
0.125 -0.0375326 0.0155465
0.125 -0.0433069 0.0179383
0.125 -0.00309827 0.000407894
0.125 -0.0092948 0.00122368
0.125 -0.0154913 0.00203947
0.125 -0.0216879 0.00285526
0.125 -0.0278844 0.00367105
0.125 -0.0340809 0.00448684
0.125 -0.0402774 0.00530263
0.125 -0.046474 0.00611842
0.125 -0.00309827 -0.000407894
0.125 -0.0092948 -0.00122368
0.125 -0.0154913 -0.00203947
0.125 -0.0216879 -0.00285526
0.125 -0.0278844 -0.00367105
0.125 -0.0340809 -0.00448684
0.125 -0.0402774 -0.00530263
0.125 -0.046474 -0.00611842
0.125 -0.00288712 -0.00119589
0.125 -0.00866137 -0.00358766
0.125 -0.0144356 -0.00597943
0.125 -0.0202099 -0.0083712
0.125 -0.0259841 -0.010763
0.125 -0.0317584 -0.0131547
0.125 -0.0375326 -0.0155465
0.125 -0.0433069 -0.0179383
0.125 -0.00247923 -0.00190238
0.125 -0.00743769 -0.00570714
0.125 -0.0123961 -0.0095119
0.125 -0.0173546 -0.0133167
0.125 -0.0223131 -0.0171214
0.125 -0.0272715 -0.0209262
0.125 -0.03223 -0.0247309
0.125 -0.0371884 -0.0285357
0.125 -0.00190238 -0.00247923
0.125 -0.00570714 -0.00743769
0.125 -0.0095119 -0.0123961
0.125 -0.0133167 -0.0173546
0.125 -0.0171214 -0.0223131
0.125 -0.0209262 -0.0272715
0.125 -0.0247309 -0.03223
0.125 -0.0285357 -0.0371884
0.125 -0.00119589 -0.00288712
0.125 -0.00358766 -0.00866137
0.125 -0.00597943 -0.0144356
0.125 -0.0083712 -0.0202099
0.125 -0.010763 -0.0259841
0.125 -0.0131547 -0.0317584
0.125 -0.0155465 -0.0375326
0.125 -0.0179383 -0.0433069
0.125 -0.000407894 -0.00309827
0.125 -0.00122368 -0.0092948
0.125 -0.00203947 -0.0154913
0.125 -0.00285526 -0.0216879
0.125 -0.00367105 -0.0278844
0.125 -0.00448684 -0.0340809
0.125 -0.00530263 -0.0402774
0.125 -0.00611842 -0.046474
0.125 0.000407894 -0.00309827
0.125 0.00122368 -0.0092948
0.125 0.00203947 -0.0154913
0.125 0.00285526 -0.0216879
0.125 0.00367105 -0.0278844
0.125 0.00448684 -0.0340809
0.125 0.00530263 -0.0402774
0.125 0.00611842 -0.046474
0.125 0.00119589 -0.00288712
0.125 0.00358766 -0.00866137
0.125 0.00597943 -0.0144356
0.125 0.0083712 -0.0202099
0.125 0.010763 -0.0259841
0.125 0.0131547 -0.0317584
0.125 0.0155465 -0.0375326
0.125 0.0179383 -0.0433069
0.125 0.00190238 -0.00247923
0.125 0.00570714 -0.00743769
0.125 0.0095119 -0.0123961
0.125 0.0133167 -0.0173546
0.125 0.0171214 -0.0223131
0.125 0.0209262 -0.0272715
0.125 0.0247309 -0.03223
0.125 0.0285357 -0.0371884
0.125 0.00247923 -0.00190238
0.125 0.00743769 -0.00570714
0.125 0.0123961 -0.0095119
0.125 0.0173546 -0.0133167
0.125 0.0223131 -0.0171214
0.125 0.0272715 -0.0209262
0.125 0.03223 -0.0247309
0.125 0.0371884 -0.0285357
0.125 0.00288712 -0.00119589
0.125 0.00866137 -0.00358766
0.125 0.0144356 -0.00597943
0.125 0.0202099 -0.0083712
0.125 0.0259841 -0.010763
0.125 0.0317584 -0.0131547
0.125 0.0375326 -0.0155465
0.125 0.0433069 -0.0179383
0.125 0.00309827 -0.000407894
0.125 0.0092948 -0.00122368
0.125 0.0154913 -0.00203947
0.125 0.0216879 -0.00285526
0.125 0.0278844 -0.00367105
0.125 0.0340809 -0.00448684
0.125 0.0402774 -0.00530263
0.125 0.046474 -0.00611842
0.25 0.00309827 0.000407894
0.25 0.0092948 0.00122368
0.25 0.0154913 0.00203947
0.25 0.0216879 0.00285526
0.25 0.0278844 0.00367105
0.25 0.0340809 0.00448684
0.25 0.0402774 0.00530263
0.25 0.046474 0.00611842
0.25 0.00288712 0.00119589
0.25 0.00866137 0.00358766
0.25 0.0144356 0.00597943
0.25 0.0202099 0.0083712
0.25 0.0259841 0.010763
0.25 0.0317584 0.0131547
0.25 0.0375326 0.0155465
0.25 0.0433069 0.0179383
0.25 0.00247923 0.00190238
0.25 0.00743769 0.00570714
0.25 0.0123961 0.0095119
0.25 0.0173546 0.0133167
0.25 0.0223131 0.0171214
0.25 0.0272715 0.0209262
0.25 0.03223 0.0247309
0.25 0.0371884 0.0285357
0.25 0.00190238 0.00247923
0.25 0.00570714 0.00743769
0.25 0.0095119 0.0123961
0.25 0.0133167 0.0173546
0.25 0.0171214 0.0223131
0.25 0.0209262 0.0272715
0.25 0.0247309 0.03223
0.25 0.0285357 0.0371884
0.25 0.00119589 0.00288712
0.25 0.00358766 0.00866137
0.25 0.00597943 0.0144356
0.25 0.0083712 0.0202099
0.25 0.010763 0.0259841
0.25 0.0131547 0.0317584
0.25 0.0155465 0.0375326
0.25 0.0179383 0.0433069
0.25 0.000407894 0.00309827
0.25 0.00122368 0.0092948
0.25 0.00203947 0.0154913
0.25 0.00285526 0.0216879
0.25 0.00367105 0.0278844
0.25 0.00448684 0.0340809
0.25 0.00530263 0.0402774
0.25 0.00611842 0.046474
0.25 -0.000407894 0.00309827
0.25 -0.00122368 0.0092948
0.25 -0.00203947 0.0154913
0.25 -0.00285526 0.0216879
0.25 -0.00367105 0.0278844
0.25 -0.00448684 0.0340809
0.25 -0.00530263 0.0402774
0.25 -0.00611842 0.046474
0.25 -0.00119589 0.00288712
0.25 -0.00358766 0.00866137
0.25 -0.00597943 0.0144356
0.25 -0.0083712 0.0202099
0.25 -0.010763 0.0259841
0.25 -0.0131547 0.0317584
0.25 -0.0155465 0.0375326
0.25 -0.0179383 0.0433069
0.25 -0.00190238 0.00247923
0.25 -0.00570714 0.00743769
0.25 -0.0095119 0.0123961
0.25 -0.0133167 0.0173546
0.25 -0.0171214 0.0223131
0.25 -0.0209262 0.0272715
0.25 -0.0247309 0.03223
0.25 -0.0285357 0.0371884
0.25 -0.00247923 0.00190238
0.25 -0.00743769 0.00570714
0.25 -0.0123961 0.0095119
0.25 -0.0173546 0.0133167
0.25 -0.0223131 0.0171214
0.25 -0.0272715 0.0209262
0.25 -0.03223 0.0247309
0.25 -0.0371884 0.0285357
0.25 -0.00288712 0.00119589
0.25 -0.00866137 0.00358766
0.25 -0.0144356 0.00597943
0.25 -0.0202099 0.0083712
0.25 -0.0259841 0.010763
0.25 -0.0317584 0.0131547
0.25 -0.0375326 0.0155465
0.25 -0.0433069 0.0179383
0.25 -0.00309827 0.000407894
0.25 -0.0092948 0.00122368
0.25 -0.0154913 0.00203947
0.25 -0.0216879 0.00285526
0.25 -0.0278844 0.00367105
0.25 -0.0340809 0.00448684
0.25 -0.0402774 0.00530263
0.25 -0.046474 0.00611842
0.25 -0.00309827 -0.000407894
0.25 -0.0092948 -0.00122368
0.25 -0.0154913 -0.00203947
0.25 -0.0216879 -0.00285526
0.25 -0.0278844 -0.00367105
0.25 -0.0340809 -0.00448684
0.25 -0.0402774 -0.00530263
0.25 -0.046474 -0.00611842
0.25 -0.00288712 -0.00119589
0.25 -0.00866137 -0.00358766
0.25 -0.0144356 -0.00597943
0.25 -0.0202099 -0.0083712
0.25 -0.0259841 -0.010763
0.25 -0.0317584 -0.0131547
0.25 -0.0375326 -0.0155465
0.25 -0.0433069 -0.0179383
0.25 -0.00247923 -0.00190238
0.25 -0.00743769 -0.00570714
0.25 -0.0123961 -0.0095119
0.25 -0.0173546 -0.0133167
0.25 -0.0223131 -0.0171214
0.25 -0.0272715 -0.0209262
0.25 -0.03223 -0.0247309
0.25 -0.0371884 -0.0285357
0.25 -0.00190238 -0.00247923
0.25 -0.00570714 -0.00743769
0.25 -0.0095119 -0.0123961
0.25 -0.0133167 -0.0173546
0.25 -0.0171214 -0.0223131
0.25 -0.0209262 -0.0272715
0.25 -0.0247309 -0.03223
0.25 -0.0285357 -0.0371884
0.25 -0.00119589 -0.00288712
0.25 -0.00358766 -0.00866137
0.25 -0.00597943 -0.0144356
0.25 -0.0083712 -0.0202099
0.25 -0.010763 -0.0259841
0.25 -0.0131547 -0.0317584
0.25 -0.0155465 -0.0375326
0.25 -0.0179383 -0.0433069
0.25 -0.000407894 -0.00309827
0.25 -0.00122368 -0.0092948
0.25 -0.00203947 -0.0154913
0.25 -0.00285526 -0.0216879
0.25 -0.00367105 -0.0278844
0.25 -0.00448684 -0.0340809
0.25 -0.00530263 -0.0402774
0.25 -0.00611842 -0.046474
0.25 0.000407894 -0.00309827
0.25 0.00122368 -0.0092948
0.25 0.00203947 -0.0154913
0.25 0.00285526 -0.0216879
0.25 0.00367105 -0.0278844
0.25 0.00448684 -0.0340809
0.25 0.00530263 -0.0402774
0.25 0.00611842 -0.046474
0.25 0.00119589 -0.00288712
0.25 0.00358766 -0.00866137
0.25 0.00597943 -0.0144356
0.25 0.0083712 -0.0202099
0.25 0.010763 -0.0259841
0.25 0.0131547 -0.0317584
0.25 0.0155465 -0.0375326
0.25 0.0179383 -0.0433069
0.25 0.00190238 -0.00247923
0.25 0.00570714 -0.00743769
0.25 0.0095119 -0.0123961
0.25 0.0133167 -0.0173546
0.25 0.0171214 -0.0223131
0.25 0.0209262 -0.0272715
0.25 0.0247309 -0.03223
0.25 0.0285357 -0.0371884
0.25 0.00247923 -0.00190238
0.25 0.00743769 -0.00570714
0.25 0.0123961 -0.0095119
0.25 0.0173546 -0.0133167
0.25 0.0223131 -0.0171214
0.25 0.0272715 -0.0209262
0.25 0.03223 -0.0247309
0.25 0.0371884 -0.0285357
0.25 0.00288712 -0.00119589
0.25 0.00866137 -0.00358766
0.25 0.0144356 -0.00597943
0.25 0.0202099 -0.0083712
0.25 0.0259841 -0.010763
0.25 0.0317584 -0.0131547
0.25 0.0375326 -0.0155465
0.25 0.0433069 -0.0179383
0.25 0.00309827 -0.000407894
0.25 0.0092948 -0.00122368
0.25 0.0154913 -0.00203947
0.25 0.0216879 -0.00285526
0.25 0.0278844 -0.00367105
0.25 0.0340809 -0.00448684
0.25 0.0402774 -0.00530263
0.25 0.046474 -0.00611842
0.375 0.00309827 0.000407894
0.375 0.0092948 0.00122368
0.375 0.0154913 0.00203947
0.375 0.0216879 0.00285526
0.375 0.0278844 0.00367105
0.375 0.0340809 0.00448684
0.375 0.0402774 0.00530263
0.375 0.046474 0.00611842
0.375 0.00288712 0.00119589
0.375 0.00866137 0.00358766
0.375 0.0144356 0.00597943
0.375 0.0202099 0.0083712
0.375 0.0259841 0.010763
0.375 0.0317584 0.0131547
0.375 0.0375326 0.0155465
0.375 0.0433069 0.0179383
0.375 0.00247923 0.00190238
0.375 0.00743769 0.00570714
0.375 0.0123961 0.0095119
0.375 0.0173546 0.0133167
0.375 0.0223131 0.0171214
0.375 0.0272715 0.0209262
0.375 0.03223 0.0247309
0.375 0.0371884 0.0285357
0.375 0.00190238 0.00247923
0.375 0.00570714 0.00743769
0.375 0.0095119 0.0123961
0.375 0.0133167 0.0173546
0.375 0.0171214 0.0223131
0.375 0.0209262 0.0272715
0.375 0.0247309 0.03223
0.375 0.0285357 0.0371884
0.375 0.00119589 0.00288712
0.375 0.00358766 0.00866137
0.375 0.00597943 0.0144356
0.375 0.0083712 0.0202099
0.375 0.010763 0.0259841
0.375 0.0131547 0.0317584
0.375 0.0155465 0.0375326
0.375 0.0179383 0.0433069
0.375 0.000407894 0.00309827
0.375 0.00122368 0.0092948
0.375 0.00203947 0.0154913
0.375 0.00285526 0.0216879
0.375 0.00367105 0.0278844
0.375 0.00448684 0.0340809
0.375 0.00530263 0.0402774
0.375 0.00611842 0.046474
0.375 -0.000407894 0.00309827
0.375 -0.00122368 0.0092948
0.375 -0.00203947 0.0154913
0.375 -0.00285526 0.0216879
0.375 -0.00367105 0.0278844
0.375 -0.00448684 0.0340809
0.375 -0.00530263 0.0402774
0.375 -0.00611842 0.046474
0.375 -0.00119589 0.00288712
0.375 -0.00358766 0.00866137
0.375 -0.00597943 0.0144356
0.375 -0.0083712 0.0202099
0.375 -0.010763 0.0259841
0.375 -0.0131547 0.0317584
0.375 -0.0155465 0.0375326
0.375 -0.0179383 0.0433069
0.375 -0.00190238 0.00247923
0.375 -0.00570714 0.00743769
0.375 -0.0095119 0.0123961
0.375 -0.0133167 0.0173546
0.375 -0.0171214 0.0223131
0.375 -0.0209262 0.0272715
0.375 -0.0247309 0.03223
0.375 -0.0285357 0.0371884
0.375 -0.00247923 0.00190238
0.375 -0.00743769 0.00570714
0.375 -0.0123961 0.0095119
0.375 -0.0173546 0.0133167
0.375 -0.0223131 0.0171214
0.375 -0.0272715 0.0209262
0.375 -0.03223 0.0247309
0.375 -0.0371884 0.0285357
0.375 -0.00288712 0.00119589
0.375 -0.00866137 0.00358766
0.375 -0.0144356 0.00597943
0.375 -0.0202099 0.0083712
0.375 -0.0259841 0.010763
0.375 -0.0317584 0.0131547
0.375 -0.0375326 0.0155465
0.375 -0.0433069 0.0179383
0.375 -0.00309827 0.000407894
0.375 -0.0092948 0.00122368
0.375 -0.0154913 0.00203947
0.375 -0.0216879 0.00285526
0.375 -0.0278844 0.00367105
0.375 -0.0340809 0.00448684
0.375 -0.0402774 0.00530263
0.375 -0.046474 0.00611842
0.375 -0.00309827 -0.000407894
0.375 -0.0092948 -0.00122368
0.375 -0.0154913 -0.00203947
0.375 -0.0216879 -0.00285526
0.375 -0.0278844 -0.00367105
0.375 -0.0340809 -0.00448684
0.375 -0.0402774 -0.00530263
0.375 -0.046474 -0.00611842
0.375 -0.00288712 -0.00119589
0.375 -0.00866137 -0.00358766
0.375 -0.0144356 -0.00597943
0.375 -0.0202099 -0.0083712
0.375 -0.0259841 -0.010763
0.375 -0.0317584 -0.0131547
0.375 -0.0375326 -0.0155465
0.375 -0.0433069 -0.0179383
0.375 -0.00247923 -0.00190238
0.375 -0.00743769 -0.00570714
0.375 -0.0123961 -0.0095119
0.375 -0.0173546 -0.0133167
0.375 -0.0223131 -0.0171214
0.375 -0.0272715 -0.0209262
0.375 -0.03223 -0.0247309
0.375 -0.0371884 -0.0285357
0.375 -0.00190238 -0.00247923
0.375 -0.00570714 -0.00743769
0.375 -0.0095119 -0.0123961
0.375 -0.0133167 -0.0173546
0.375 -0.0171214 -0.0223131
0.375 -0.0209262 -0.0272715
0.375 -0.0247309 -0.03223
0.375 -0.0285357 -0.0371884
0.375 -0.00119589 -0.00288712
0.375 -0.00358766 -0.00866137
0.375 -0.00597943 -0.0144356
0.375 -0.0083712 -0.0202099
0.375 -0.010763 -0.0259841
0.375 -0.0131547 -0.0317584
0.375 -0.0155465 -0.0375326
0.375 -0.0179383 -0.0433069
0.375 -0.000407894 -0.00309827
0.375 -0.00122368 -0.0092948
0.375 -0.00203947 -0.0154913
0.375 -0.00285526 -0.0216879
0.375 -0.00367105 -0.0278844
0.375 -0.00448684 -0.0340809
0.375 -0.00530263 -0.0402774
0.375 -0.00611842 -0.046474
0.375 0.000407894 -0.00309827
0.375 0.00122368 -0.0092948
0.375 0.00203947 -0.0154913
0.375 0.00285526 -0.0216879
0.375 0.00367105 -0.0278844
0.375 0.00448684 -0.0340809
0.375 0.00530263 -0.0402774
0.375 0.00611842 -0.046474
0.375 0.00119589 -0.00288712
0.375 0.00358766 -0.00866137
0.375 0.00597943 -0.0144356
0.375 0.0083712 -0.0202099
0.375 0.010763 -0.0259841
0.375 0.0131547 -0.0317584
0.375 0.0155465 -0.0375326
0.375 0.0179383 -0.0433069
0.375 0.00190238 -0.00247923
0.375 0.00570714 -0.00743769
0.375 0.0095119 -0.0123961
0.375 0.0133167 -0.0173546
0.375 0.0171214 -0.0223131
0.375 0.0209262 -0.0272715
0.375 0.0247309 -0.03223
0.375 0.0285357 -0.0371884
0.375 0.00247923 -0.00190238
0.375 0.00743769 -0.00570714
0.375 0.0123961 -0.0095119
0.375 0.0173546 -0.0133167
0.375 0.0223131 -0.0171214
0.375 0.0272715 -0.0209262
0.375 0.03223 -0.0247309
0.375 0.0371884 -0.0285357
0.375 0.00288712 -0.00119589
0.375 0.00866137 -0.00358766
0.375 0.0144356 -0.00597943
0.375 0.0202099 -0.0083712
0.375 0.0259841 -0.010763
0.375 0.0317584 -0.0131547
0.375 0.0375326 -0.0155465
0.375 0.0433069 -0.0179383
0.375 0.00309827 -0.000407894
0.375 0.0092948 -0.00122368
0.375 0.0154913 -0.00203947
0.375 0.0216879 -0.00285526
0.375 0.0278844 -0.00367105
0.375 0.0340809 -0.00448684
0.375 0.0402774 -0.00530263
0.375 0.046474 -0.00611842
0.5 0.00309827 0.000407894
0.5 0.0092948 0.00122368
0.5 0.0154913 0.00203947
0.5 0.0216879 0.00285526
0.5 0.0278844 0.00367105
0.5 0.0340809 0.00448684
0.5 0.0402774 0.00530263
0.5 0.046474 0.00611842
0.5 0.00288712 0.00119589
0.5 0.00866137 0.00358766
0.5 0.0144356 0.00597943
0.5 0.0202099 0.0083712
0.5 0.0259841 0.010763
0.5 0.0317584 0.0131547
0.5 0.0375326 0.0155465
0.5 0.0433069 0.0179383
0.5 0.00247923 0.00190238
0.5 0.00743769 0.00570714
0.5 0.0123961 0.0095119
0.5 0.0173546 0.0133167
0.5 0.0223131 0.0171214
0.5 0.0272715 0.0209262
0.5 0.03223 0.0247309
0.5 0.0371884 0.0285357
0.5 0.00190238 0.00247923
0.5 0.00570714 0.00743769
0.5 0.0095119 0.0123961
0.5 0.0133167 0.0173546
0.5 0.0171214 0.0223131
0.5 0.0209262 0.0272715
0.5 0.0247309 0.03223
0.5 0.0285357 0.0371884
0.5 0.00119589 0.00288712
0.5 0.00358766 0.00866137
0.5 0.00597943 0.0144356
0.5 0.0083712 0.0202099
0.5 0.010763 0.0259841
0.5 0.0131547 0.0317584
0.5 0.0155465 0.0375326
0.5 0.0179383 0.0433069
0.5 0.000407894 0.00309827
0.5 0.00122368 0.0092948
0.5 0.00203947 0.0154913
0.5 0.00285526 0.0216879
0.5 0.00367105 0.0278844
0.5 0.00448684 0.0340809
0.5 0.00530263 0.0402774
0.5 0.00611842 0.046474
0.5 -0.000407894 0.00309827
0.5 -0.00122368 0.0092948
0.5 -0.00203947 0.0154913
0.5 -0.00285526 0.0216879
0.5 -0.00367105 0.0278844
0.5 -0.00448684 0.0340809
0.5 -0.00530263 0.0402774
0.5 -0.00611842 0.046474
0.5 -0.00119589 0.00288712
0.5 -0.00358766 0.00866137
0.5 -0.00597943 0.0144356
0.5 -0.0083712 0.0202099
0.5 -0.010763 0.0259841
0.5 -0.0131547 0.0317584
0.5 -0.0155465 0.0375326
0.5 -0.0179383 0.0433069
0.5 -0.00190238 0.00247923
0.5 -0.00570714 0.00743769
0.5 -0.0095119 0.0123961
0.5 -0.0133167 0.0173546
0.5 -0.0171214 0.0223131
0.5 -0.0209262 0.0272715
0.5 -0.0247309 0.03223
0.5 -0.0285357 0.0371884
0.5 -0.00247923 0.00190238
0.5 -0.00743769 0.00570714
0.5 -0.0123961 0.0095119
0.5 -0.0173546 0.0133167
0.5 -0.0223131 0.0171214
0.5 -0.0272715 0.0209262
0.5 -0.03223 0.0247309
0.5 -0.0371884 0.0285357
0.5 -0.00288712 0.00119589
0.5 -0.00866137 0.00358766
0.5 -0.0144356 0.00597943
0.5 -0.0202099 0.0083712
0.5 -0.0259841 0.010763
0.5 -0.0317584 0.0131547
0.5 -0.0375326 0.0155465
0.5 -0.0433069 0.0179383
0.5 -0.00309827 0.000407894
0.5 -0.0092948 0.00122368
0.5 -0.0154913 0.00203947
0.5 -0.0216879 0.00285526
0.5 -0.0278844 0.00367105
0.5 -0.0340809 0.00448684
0.5 -0.0402774 0.00530263
0.5 -0.046474 0.00611842
0.5 -0.00309827 -0.000407894
0.5 -0.0092948 -0.00122368
0.5 -0.0154913 -0.00203947
0.5 -0.0216879 -0.00285526
0.5 -0.0278844 -0.00367105
0.5 -0.0340809 -0.00448684
0.5 -0.0402774 -0.00530263
0.5 -0.046474 -0.00611842
0.5 -0.00288712 -0.00119589
0.5 -0.00866137 -0.00358766
0.5 -0.0144356 -0.00597943
0.5 -0.0202099 -0.0083712
0.5 -0.0259841 -0.010763
0.5 -0.0317584 -0.0131547
0.5 -0.0375326 -0.0155465
0.5 -0.0433069 -0.0179383
0.5 -0.00247923 -0.00190238
0.5 -0.00743769 -0.00570714
0.5 -0.0123961 -0.0095119
0.5 -0.0173546 -0.0133167
0.5 -0.0223131 -0.0171214
0.5 -0.0272715 -0.0209262
0.5 -0.03223 -0.0247309
0.5 -0.0371884 -0.0285357
0.5 -0.00190238 -0.00247923
0.5 -0.00570714 -0.00743769
0.5 -0.0095119 -0.0123961
0.5 -0.0133167 -0.0173546
0.5 -0.0171214 -0.0223131
0.5 -0.0209262 -0.0272715
0.5 -0.0247309 -0.03223
0.5 -0.0285357 -0.0371884
0.5 -0.00119589 -0.00288712
0.5 -0.00358766 -0.00866137
0.5 -0.00597943 -0.0144356
0.5 -0.0083712 -0.0202099
0.5 -0.010763 -0.0259841
0.5 -0.0131547 -0.0317584
0.5 -0.0155465 -0.0375326
0.5 -0.0179383 -0.0433069
0.5 -0.000407894 -0.00309827
0.5 -0.00122368 -0.0092948
0.5 -0.00203947 -0.0154913
0.5 -0.00285526 -0.0216879
0.5 -0.00367105 -0.0278844
0.5 -0.00448684 -0.0340809
0.5 -0.00530263 -0.0402774
0.5 -0.00611842 -0.046474
0.5 0.000407894 -0.00309827
0.5 0.00122368 -0.0092948
0.5 0.00203947 -0.0154913
0.5 0.00285526 -0.0216879
0.5 0.00367105 -0.0278844
0.5 0.00448684 -0.0340809
0.5 0.00530263 -0.0402774
0.5 0.00611842 -0.046474
0.5 0.00119589 -0.00288712
0.5 0.00358766 -0.00866137
0.5 0.00597943 -0.0144356
0.5 0.0083712 -0.0202099
0.5 0.010763 -0.0259841
0.5 0.0131547 -0.0317584
0.5 0.0155465 -0.0375326
0.5 0.0179383 -0.0433069
0.5 0.00190238 -0.00247923
0.5 0.00570714 -0.00743769
0.5 0.0095119 -0.0123961
0.5 0.0133167 -0.0173546
0.5 0.0171214 -0.0223131
0.5 0.0209262 -0.0272715
0.5 0.0247309 -0.03223
0.5 0.0285357 -0.0371884
0.5 0.00247923 -0.00190238
0.5 0.00743769 -0.00570714
0.5 0.0123961 -0.0095119
0.5 0.0173546 -0.0133167
0.5 0.0223131 -0.0171214
0.5 0.0272715 -0.0209262
0.5 0.03223 -0.0247309
0.5 0.0371884 -0.0285357
0.5 0.00288712 -0.00119589
0.5 0.00866137 -0.00358766
0.5 0.0144356 -0.00597943
0.5 0.0202099 -0.0083712
0.5 0.0259841 -0.010763
0.5 0.0317584 -0.0131547
0.5 0.0375326 -0.0155465
0.5 0.0433069 -0.0179383
0.5 0.00309827 -0.000407894
0.5 0.0092948 -0.00122368
0.5 0.0154913 -0.00203947
0.5 0.0216879 -0.00285526
0.5 0.0278844 -0.00367105
0.5 0.0340809 -0.00448684
0.5 0.0402774 -0.00530263
0.5 0.046474 -0.00611842
